0    0 0.00000 4 0
0    0 0.00000 5 0
0    2 0.50000 1 0
0    3 0.00000 2 0
0    3 0.50000 3 0
0    4 0.00000 3 0
0    5 0.00000 2 0
0    5 0.50000 2 0
0    7 0.00000 1 0
0    7 0.00000 4 0
0    8 0.00000 5 0
0    8 0.50000 4 0
0    9 0.00000 3 0
0    9 0.50000 2 0
0   10 0.00000 5 0
0   10 0.50000 4 0
0   11 0.00000 3 0
0   11 0.50000 2 0
0   12 0.00000 5 0
0   12 0.00000 4 0
0   13 0.00000 4 0
0   13 0.00000 3 0
0   14 0.00000 4 0
0   14 0.00000 3 0
0   15 0.00000 3 0
0   15 0.00000 2 0
0   16 0.00000 2 0
0   16 0.00000 1 0
0   17 0.00000 1 0
0   18 0.00000 1 0
0   18 0.50000 2 0
0   19 0.00000 1 0
0   19 0.00000 3 0
0   19 0.50000 5 0
0   20 0.00000 5 0
0   20 0.00000 1 0
0   21 0.00000 1 0
0   21 0.00000 3 0
0   21 0.50000 3 0
0   21 0.50000 2 0
0   22 0.00000 1 0
0   23 0.00000 1 0
0   23 0.00000 3 0
0   23 0.50000 5 0
0   24 0.00000 2 0
0   24 0.00000 1 0
0   24 0.50000 3 0
0   25 0.00000 2 0
0   25 0.00000 1 0
0   25 0.50000 5 0
0   26 0.00000 2 0
0   26 0.00000 1 0
1   26 0.50000 4 2
0   27 0.00000 1 0
0   28 0.50000 3 0
0   29 0.00000 2 0
0   29 0.50000 1 0
0   30 0.00000 5 0
0   30 0.50000 4 0
0   31 0.00000 3 0
0   31 0.50000 2 0
0   32 0.00000 3 0
0   32 0.00000 5 0
0   32 0.50000 4 0
0   33 0.00000 3 0
0   33 0.00000 5 0
0   33 0.50000 4 0
0   34 0.00000 3 0
0   34 0.00000 5 0
0   34 0.50000 4 0
0   35 0.00000 3 0
0   35 0.00000 5 0
0   35 0.50000 4 0
0   36 0.00000 4 0
0   36 0.00000 2 0
0   36 0.50000 3 0
0   37 0.00000 4 0
0   37 0.00000 2 0
0   37 0.50000 3 0
0   38 0.00000 2 0
0   38 0.00000 4 0
0   38 0.50000 3 0
0   39 0.00000 2 0
0   39 0.00000 4 0
0   39 0.50000 3 0
0   40 0.00000 3 0
0   40 0.00000 1 0
0   40 0.50000 2 0
0   41 0.00000 1 0
0   41 0.00000 3 0
0   41 0.50000 2 0
0   42 0.00000 1 0
0   42 0.00000 3 0
0   42 0.50000 2 0
0   43 0.00000 1 0
0   43 0.00000 3 0
0   43 0.50000 2 0
0   44 0.00000 3 0
0   45 0.00000 3 0
0   45 0.50000 2 0
0   45 0.50000 4 0
0   46 0.50000 1 0
0   47 0.00000 2 0
0   47 0.50000 3 0
0   48 0.00000 2 0
0   48 0.00000 5 0
0   48 0.50000 4 0
0   49 0.00000 3 0
0   49 0.00000 5 0
0   49 0.50000 4 0
0   50 0.00000 3 0
0   50 0.00000 5 0
0   50 0.50000 4 0
0   51 0.00000 3 0
0   51 0.00000 5 0
0   51 0.50000 4 0
0   52 0.00000 4 0
0   52 0.00000 2 0
0   52 0.50000 3 0
0   53 0.00000 2 0
0   53 0.00000 4 0
0   53 0.50000 3 0
0   54 0.00000 2 0
0   54 0.00000 4 0
0   54 0.50000 3 0
0   55 0.00000 2 0
0   55 0.00000 4 0
0   55 0.50000 3 0
0   56 0.00000 1 0
0   56 0.00000 5 0
0   56 0.50000 5 0
0   56 0.50000 1 0
0   57 0.50000 5 0
0   57 0.50000 1 0
0   58 0.00000 1 0
0   58 0.00000 5 0
0   59 0.00000 1 0
0   59 0.00000 5 0
1   59 0.50000 1 5
1   59 0.50000 5 5
0   64 0.00000 1 0
0   65 0.00000 2 0
0   66 0.00000 3 0
0   67 0.00000 4 0
0   68 0.00000 5 0
0   69 0.00000 4 0
0   69 0.50000 2 0
0   70 0.00000 3 0
0   71 0.00000 2 0
0   71 0.50000 3 0
0   72 0.00000 1 0
0   73 0.00000 2 0
0   74 0.00000 3 0
0   75 0.00000 4 0
0   76 0.00000 5 0
0   76 0.50000 3 0
0   77 0.00000 4 0
0   77 0.50000 2 0
0   78 0.00000 3 0
0   79 0.00000 2 0
0   79 0.50000 3 0
0   80 0.00000 1 0
0   81 0.00000 2 0
0   81 0.50000 4 0
0   82 0.00000 3 0
0   83 0.00000 4 0
0   84 0.00000 5 0
0   85 0.00000 4 0
0   85 0.50000 2 0
0   86 0.00000 3 0
0   87 0.00000 2 0
0   88 0.00000 1 0
0   89 0.00000 2 0
0   90 0.00000 3 0
0   90 0.50000 2 0
0   91 0.00000 4 0
0   91 0.50000 3 0
1   92 0.00000 5 6
0   93 0.00000 4 0
0   94 0.00000 3 0
0   96 0.00000 1 0
0   97 0.00000 1 0
0   97 0.00000 2 0
0   98 0.00000 1 0
0   98 0.00000 3 0
0   99 0.00000 1 0
0   99 0.00000 4 0
0  100 0.00000 1 0
0  100 0.00000 5 0
0  101 0.00000 5 0
0  101 0.00000 1 0
0  101 0.50000 4 0
0  102 0.00000 3 0
0  102 0.00000 1 0
0  103 0.00000 1 0
0  103 0.00000 5 0
0  103 0.50000 4 0
0  104 0.00000 2 0
0  104 0.00000 1 0
0  105 0.00000 2 0
0  105 0.00000 3 0
0  106 0.00000 3 0
0  106 0.00000 4 0
0  107 0.00000 3 0
0  107 0.00000 4 0
0  108 0.00000 5 0
0  108 0.50000 1 0
0  109 0.00000 4 0
0  109 0.50000 2 0
0  110 0.00000 4 0
0  111 0.00000 1 0
0  111 0.50000 1 0
1  112 0.00000 1 4
0  113 0.00000 5 0
0  113 0.50000 5 0
1  114 0.00000 5 4
0  115 0.00000 2 0
0  115 0.50000 2 0
1  116 0.00000 2 4
0  117 0.00000 4 0
0  117 0.50000 4 0
1  118 0.00000 4 4
0  119 0.00000 1 0
0  119 0.50000 1 0
1  120 0.00000 1 2
1  121 0.00000 5 2
0  122 0.00000 1 0
0  122 0.50000 4 0
0  122 0.50000 5 0
0  123 0.00000 2 0
0  123 0.00000 1 0
0  123 0.50000 4 0
0  123 0.50000 3 0
0  124 0.00000 2 0
0  124 0.00000 1 0
0  125 0.00000 3 0
0  125 0.50000 3 0
0  126 0.00000 4 0
0  126 0.00000 2 0
1  128 0.00000 5 4
0  129 0.00000 4 0
1  130 0.00000 4 4
0  131 0.00000 3 0
1  132 0.00000 3 4
0  133 0.00000 2 0
1  134 0.00000 2 4
0  135 0.00000 1 0
1  136 0.00000 1 4
0  137 0.00000 2 0
1  138 0.00000 2 4
0  139 0.00000 3 0
1  140 0.00000 3 4
0  141 0.00000 4 0
1  142 0.00000 4 4
0  143 0.00000 5 0
0  144 0.00000 1 0
0  144 0.50000 3 0
0  145 0.00000 2 0
0  145 0.50000 3 0
0  146 0.00000 2 0
0  146 0.50000 4 0
0  147 0.00000 3 0
0  147 0.50000 4 0
0  148 0.00000 3 0
0  148 0.50000 2 0
0  149 0.00000 3 0
0  149 0.50000 2 0
0  150 0.00000 4 0
0  150 0.50000 5 0
0  151 0.00000 4 0
0  151 0.50000 5 0
0  152 0.00000 4 0
0  152 0.50000 2 0
0  153 0.00000 3 0
0  153 0.50000 2 0
0  154 0.00000 3 0
0  154 0.50000 4 0
0  155 0.00000 3 0
0  155 0.50000 4 0
0  156 0.00000 1 0
0  156 0.50000 3 0
0  157 0.00000 2 0
0  157 0.50000 3 0
0  158 0.00000 1 0
0  158 0.00000 5 0
1  160 0.00000 1 2
1  161 0.00000 5 2
1  162 0.00000 2 2
1  163 0.00000 4 2
1  164 0.00000 2 2
1  165 0.00000 3 2
1  166 0.00000 2 2
1  167 0.00000 4 2
1  168 0.00000 1 2
1  169 0.00000 5 2
1  170 0.00000 3 2
0  172 0.00000 3 0
0  173 0.00000 2 0
0  173 0.00000 4 0
0  174 0.00000 5 0
0  174 0.00000 1 0
0  176 0.00000 1 0
1  176 0.00000 4 2
1  177 0.00000 2 2
1  178 0.00000 5 2
1  179 0.00000 1 2
1  180 0.00000 4 2
1  181 0.00000 2 2
1  182 0.00000 3 2
1  183 0.00000 2 2
1  184 0.00000 4 2
1  185 0.00000 2 2
1  186 0.00000 5 2
0  187 0.00000 3 0
0  188 0.00000 2 0
0  188 0.00000 4 0
0  189 0.50000 1 0
0  189 0.50000 5 0
1  191 0.00000 3 8
0  192 0.00000 4 0
0  193 0.00000 3 0
0  194 0.00000 2 0
1  196 0.00000 5 4
0  197 0.00000 3 0
0  198 0.00000 3 0
0  198 0.50000 1 0
0  199 0.00000 2 0
0  199 0.50000 4 0
0  200 0.00000 4 0
0  201 0.00000 2 0
0  201 0.50000 2 0
0  203 0.00000 2 0
0  203 0.00000 4 0
0  204 0.00000 5 0
0  204 0.50000 5 0
0  205 0.00000 2 0
0  205 0.50000 2 0
0  206 0.00000 4 0
0  206 0.50000 4 0
0  207 0.00000 2 0
0  207 0.50000 2 0
0  208 0.00000 5 0
0  208 0.50000 5 0
0  209 0.00000 1 0
0  209 0.50000 1 0
0  210 0.00000 4 0
0  210 0.50000 4 0
0  211 0.00000 1 0
0  211 0.50000 1 0
1  212 0.00000 5 4
0  213 0.00000 3 0
0  214 0.00000 3 0
0  214 0.50000 1 0
0  215 0.00000 2 0
0  215 0.50000 3 0
0  216 0.00000 3 0
0  217 0.00000 2 0
0  217 0.50000 4 0
0  219 0.00000 3 0
0  219 0.50000 4 0
0  220 0.00000 5 0
0  220 0.50000 5 0
0  221 0.00000 2 0
0  221 0.50000 2 0
0  222 0.00000 4 0
0  222 0.50000 4 0
0  223 0.00000 3 0
0  223 0.50000 3 0
0  224 0.00000 5 0
0  224 0.50000 5 0
0  225 0.00000 1 0
0  225 0.50000 1 0
0  226 0.00000 4 0
0  226 0.50000 4 0
0  227 0.00000 2 0
0  227 0.50000 2 0
0  228 0.00000 5 0
0  228 0.50000 4 0
0  229 0.00000 5 0
0  229 0.50000 5 0
0  230 0.00000 2 0
0  230 0.50000 3 0
0  231 0.00000 2 0
0  231 0.50000 2 0
0  232 0.00000 4 0
0  232 0.50000 3 0
0  233 0.00000 4 0
0  233 0.50000 4 0
0  234 0.00000 1 0
0  234 0.50000 2 0
0  235 0.00000 1 0
0  235 0.50000 1 0
0  236 0.00000 5 0
0  236 0.50000 4 0
0  237 0.00000 5 0
0  237 0.50000 5 0
0  238 0.00000 2 0
0  238 0.50000 3 0
0  239 0.00000 2 0
0  239 0.50000 2 0
0  240 0.00000 4 0
0  240 0.50000 3 0
0  241 0.00000 4 0
0  241 0.50000 4 0
0  242 0.00000 1 0
0  242 0.50000 2 0
0  243 0.00000 1 0
0  243 0.50000 1 0
0  244 0.00000 4 0
0  244 0.50000 4 0
0  245 0.00000 4 0
0  245 0.50000 4 0
0  246 0.00000 2 0
0  246 0.50000 2 0
0  247 0.00000 2 0
0  247 0.50000 2 0
0  248 0.00000 3 0
0  248 0.50000 3 0
0  249 0.00000 3 0
0  249 0.50000 3 0
0  250 0.00000 2 0
0  250 0.50000 2 0
0  251 0.00000 2 0
0  251 0.50000 2 0
0  252 0.00000 4 0
0  252 0.50000 4 0
0  253 0.00000 4 0
0  253 0.50000 4 0
0  254 0.00000 2 0
0  254 0.50000 2 0
0  255 0.00000 2 0
0  255 0.50000 2 0
0  256 0.00000 4 0
0  256 0.25000 2 0
0  256 0.50000 4 0
0  256 0.75000 2 0
0  257 0.00000 4 0
0  257 0.25000 2 0
0  257 0.50000 4 0
0  257 0.75000 2 0
0  258 0.00000 5 0
0  258 0.25000 3 0
0  258 0.50000 5 0
0  258 0.75000 3 0
0  259 0.00000 5 0
0  259 0.25000 3 0
0  259 0.50000 5 0
0  259 0.75000 3 0
0  260 0.00000 5 0
0  261 0.00000 2 0
0  261 0.50000 3 0
0  262 0.00000 2 0
0  262 0.50000 3 0
0  263 0.00000 2 0
0  263 0.50000 3 0
0  264 0.00000 2 0
0  265 0.00000 4 0
0  265 0.50000 3 0
0  266 0.00000 4 0
0  266 0.50000 3 0
0  267 0.00000 4 0
0  267 0.50000 3 0
0  268 0.00000 4 0
0  269 0.00000 1 0
0  269 0.50000 2 0
0  270 0.00000 1 0
0  270 0.50000 2 0
0  271 0.00000 1 0
0  271 0.50000 2 0
0  272 0.00000 1 0
0  273 0.00000 5 0
0  273 0.50000 4 0
0  274 0.00000 5 0
0  274 0.50000 4 0
0  275 0.00000 5 0
0  275 0.50000 4 0
1  276 0.00000 3 24
0  277 0.00000 2 0
0  278 0.00000 1 0
0  279 0.00000 2 0
0  281 0.00000 3 0
0  282 0.00000 4 0
0  283 0.00000 3 0
0  284 0.00000 1 0
0  285 0.00000 5 0
0  286 0.00000 2 0
0  287 0.00000 4 0
0  288 0.00000 1 0
0  288 0.50000 2 0
0  289 0.00000 3 0
0  289 0.50000 4 0
0  290 0.00000 3 0
0  290 0.50000 3 0
0  291 0.00000 4 0
0  291 0.00000 2 0
0  292 0.00000 5 0
0  292 0.00000 3 0
0  292 0.50000 4 0
0  293 0.00000 4 0
0  293 0.00000 2 0
0  293 0.50000 3 0
0  294 0.00000 3 0
0  294 0.00000 1 0
0  294 0.50000 2 0
0  295 0.00000 1 0
0  295 0.00000 3 0
0  295 0.50000 2 0
0  296 0.00000 3 0
0  296 0.00000 5 0
0  296 0.50000 4 0
0  297 0.00000 4 0
0  297 0.00000 2 0
0  297 0.50000 3 0
0  298 0.00000 3 0
0  298 0.00000 1 0
0  298 0.50000 2 0
0  299 0.00000 1 0
0  299 0.00000 3 0
0  299 0.50000 2 0
0  300 0.00000 3 0
0  300 0.00000 5 0
0  300 0.50000 4 0
0  301 0.00000 4 0
0  301 0.00000 2 0
0  301 0.50000 3 0
0  302 0.00000 3 0
0  302 0.00000 1 0
0  302 0.50000 2 0
0  303 0.00000 3 0
0  303 0.00000 1 0
0  303 0.50000 2 0
0  304 0.00000 5 0
0  304 0.00000 3 0
0  304 0.50000 4 0
0  305 0.00000 4 0
0  305 0.00000 2 0
0  305 0.50000 3 0
0  306 0.00000 3 0
0  306 0.00000 1 0
0  306 0.50000 2 0
0  307 0.00000 1 0
0  307 0.00000 3 0
0  308 0.00000 1 0
0  308 0.00000 3 0
0  308 0.50000 2 0
0  309 0.00000 2 0
0  309 0.00000 4 0
0  309 0.50000 3 0
0  310 0.00000 3 0
0  310 0.00000 5 0
0  310 0.50000 4 0
0  311 0.00000 3 0
0  311 0.00000 5 0
0  311 0.50000 4 0
0  312 0.00000 3 0
0  312 0.00000 1 0
0  312 0.50000 2 0
0  313 0.00000 2 0
0  313 0.00000 4 0
0  313 0.50000 3 0
0  314 0.00000 3 0
0  314 0.00000 5 0
0  314 0.50000 4 0
0  315 0.00000 3 0
0  315 0.00000 5 0
0  315 0.50000 4 0
0  316 0.00000 2 0
0  316 0.00000 4 0
0  316 0.50000 3 0
0  317 0.00000 2 0
0  317 0.00000 4 0
0  317 0.50000 3 0
0  318 0.00000 1 0
0  318 0.00000 5 0
0  318 0.50000 3 0
0  319 0.00000 1 0
0  319 0.00000 5 0
0  320 0.00000 1 0
0  320 0.00000 5 0
0  321 0.00000 1 0
0  321 0.00000 5 0
0  322 0.00000 5 0
0  322 0.00000 1 0
1  324 0.00000 2 4
1  324 0.00000 5 1
0  325 0.00000 3 0
1  326 0.00000 5 4
0  326 0.50000 3 0
0  327 0.50000 1 0
1  328 0.00000 2 2
1  329 0.00000 4 2
1  330 0.00000 2 8
0  331 0.00000 5 0
0  332 0.00000 3 0
0  334 0.00000 5 0
1  334 0.50000 3 2
0  335 0.00000 1 0
1  336 0.00000 1 8
0  336 0.50000 4 0
0  337 0.00000 3 0
0  337 0.50000 4 0
0  338 0.00000 3 0
0  339 0.00000 4 0
1  340 0.00000 4 4
0  341 0.00000 1 0
1  342 0.00000 1 10
0  342 0.50000 2 0
0  343 0.00000 3 0
0  343 0.50000 2 0
1  344 0.00000 4 4
1  347 0.00000 4 4
1  348 0.00000 1 4
1  350 0.00000 4 6
0  350 0.50000 1 0
0  351 0.00000 2 0
0  351 0.50000 1 0
1  352 0.00000 2 8
0  353 0.50000 5 0
1  354 0.00000 4 2
1  356 0.00000 5 8
0  357 0.00000 2 0
0  357 0.50000 1 0
0  358 0.00000 2 0
0  358 0.50000 1 0
0  359 0.00000 2 0
1  360 0.00000 1 8
0  361 0.00000 4 0
0  361 0.50000 5 0
0  362 0.00000 4 0
0  362 0.50000 5 0
0  363 0.00000 4 0
1  364 0.00000 4 8
0  365 0.00000 3 0
0  365 0.50000 2 0
0  366 0.00000 3 0
0  366 0.50000 2 0
0  367 0.00000 3 0
1  368 0.00000 2 6
0  369 0.00000 3 0
0  369 0.50000 4 0
0  370 0.00000 3 0
0  370 0.50000 4 0
0  371 0.00000 3 0
0  372 0.00000 3 0
0  373 0.00000 2 0
0  373 0.33333 4 0
0  373 0.66666 2 0
0  374 0.00000 4 0
0  374 0.33333 2 0
0  374 0.66666 4 0
0  375 0.00000 2 0
0  375 0.33333 4 0
0  375 0.66666 2 0
0  376 0.00000 4 0
0  376 0.33333 2 0
0  376 0.66666 4 0
0  377 0.00000 2 0
0  377 0.33333 4 0
0  377 0.66666 2 0
0  378 0.00000 4 0
0  378 0.33333 2 0
0  378 0.66666 4 0
0  379 0.00000 2 0
0  379 0.33333 4 0
0  379 0.66666 2 0
0  380 0.00000 4 0
0  380 0.33333 2 0
0  380 0.66666 4 0
0  381 0.00000 2 0
0  381 0.33333 4 0
0  381 0.66666 2 0
0  382 0.00000 4 0
0  382 0.33333 2 0
0  382 0.66666 4 0
0  383 0.00000 2 0
0  383 0.33333 4 0
0  383 0.66666 2 0
0  384 0.00000 5 0
0  384 0.33333 4 0
0  384 0.66666 3 0
0  385 0.00000 2 0
0  385 0.33333 1 0
0  385 0.66666 2 0
0  386 0.00000 3 0
0  386 0.33333 4 0
0  386 0.66666 5 0
0  387 0.00000 4 0
0  387 0.33333 3 0
0  387 0.66666 2 0
0  388 0.00000 1 0
0  388 0.00000 3 0
0  388 0.50000 1 0
0  388 0.50000 3 0
0  389 0.00000 3 0
0  389 0.00000 1 0
0  390 0.00000 3 0
0  390 0.00000 5 0
0  390 0.50000 5 0
0  390 0.50000 3 0
0  391 0.00000 3 0
0  391 0.00000 5 0
0  392 0.00000 1 0
0  392 0.50000 2 0
0  393 0.00000 3 0
0  393 0.50000 2 0
0  393 0.50000 4 0
0  394 0.00000 3 0
0  394 0.50000 4 0
0  395 0.00000 1 0
0  395 0.00000 5 0
0  396 0.00000 5 0
0  396 0.00000 3 0
0  396 0.50000 3 0
0  396 0.50000 5 0
0  397 0.00000 3 0
0  397 0.00000 5 0
0  398 0.00000 3 0
0  398 0.00000 1 0
0  398 0.50000 1 0
0  398 0.50000 3 0
0  399 0.00000 1 0
0  399 0.00000 3 0
0  400 0.00000 5 0
0  400 0.50000 4 0
0  401 0.00000 3 0
0  401 0.50000 2 0
0  401 0.50000 5 0
0  402 0.00000 4 0
0  402 0.50000 3 0
0  403 0.00000 2 0
0  403 0.00000 5 0
0  404 0.00000 2 0
0  404 0.00000 1 0
0  404 0.50000 4 0
0  405 0.00000 1 0
0  405 0.00000 2 0
0  405 0.50000 3 0
0  406 0.00000 1 0
0  406 0.00000 2 0
0  406 0.50000 2 0
0  407 0.00000 1 0
0  407 0.00000 2 0
0  407 0.50000 3 0
0  408 0.00000 1 0
0  408 0.00000 2 0
0  408 0.50000 4 0
0  409 0.00000 2 0
0  409 0.00000 1 0
0  409 0.50000 3 0
0  410 0.00000 2 0
0  410 0.00000 1 0
1  411 0.00000 2 1
1  411 0.50000 4 1
1  412 0.00000 3 7
0  412 0.50000 2 0
0  413 0.00000 4 0
0  413 0.50000 2 0
0  414 0.00000 4 0
0  414 0.50000 2 0
0  415 0.00000 4 0
0  415 0.50000 2 0
1  416 0.00000 2 4
1  416 0.00000 4 4
0  420 0.00000 5 0
0  420 0.33333 2 0
0  420 0.66666 4 0
0  421 0.00000 1 0
0  421 0.33333 4 0
0  421 0.66666 2 0
0  422 0.00000 5 0
0  422 0.33333 2 0
0  422 0.66666 4 0
0  423 0.00000 1 0
0  423 0.33333 4 0
0  423 0.66666 2 0
0  424 0.00000 5 0
0  424 0.33333 2 0
0  424 0.66666 4 0
0  425 0.00000 1 0
0  425 0.33333 4 0
0  425 0.66666 2 0
0  426 0.00000 5 0
0  426 0.33333 2 0
0  426 0.66666 4 0
0  427 0.00000 1 0
0  427 0.33333 4 0
0  427 0.66666 2 0
0  428 0.00000 5 0
0  428 0.33333 2 0
0  428 0.66666 4 0
0  429 0.00000 1 0
0  429 0.33333 4 0
0  429 0.66666 2 0
0  430 0.00000 5 0
0  430 0.33333 2 0
0  430 0.66666 4 0
0  431 0.00000 1 0
0  431 0.33333 4 0
0  431 0.66666 2 0
0  432 0.00000 5 0
0  432 0.33333 2 0
0  432 0.66666 4 0
0  433 0.00000 1 0
0  433 0.33333 4 0
0  433 0.66666 2 0
0  434 0.00000 5 0
0  434 0.33333 2 0
0  434 0.66666 4 0
0  435 0.00000 1 0
0  435 0.33333 4 0
0  435 0.66666 2 0
1  436 0.00000 5 1
1  436 0.50000 4 1
1  437 0.00000 3 1
1  437 0.50000 2 5
0  438 0.50000 4 0
0  439 0.00000 3 0
0  439 0.50000 2 0
0  441 0.00000 2 0
0  441 0.00000 4 0
0  442 0.00000 3 0
0  443 0.00000 1 0
0  443 0.00000 5 0
0  444 0.00000 5 0
0  444 0.50000 1 0
0  445 0.00000 4 0
0  445 0.50000 2 0
0  446 0.00000 5 0
0  446 0.50000 1 0
0  447 0.00000 4 0
0  447 0.50000 2 0
0  448 0.00000 5 0
0  448 0.50000 1 0
0  449 0.00000 5 0
0  449 0.50000 2 0
0  450 0.00000 4 0
0  450 0.50000 1 0
0  451 0.00000 5 0
0  452 0.00000 3 0
0  452 0.33334 1 0
0  452 0.66666 2 0
0  453 0.00000 1 0
0  453 0.33334 5 0
0  453 0.66666 3 0
0  454 0.00000 4 0
0  454 0.33334 2 0
0  454 0.66666 3 0
0  455 0.00000 1 0
0  455 0.33334 2 0
0  455 0.66666 1 0
0  456 0.00000 5 0
0  456 0.33334 3 0
0  456 0.66666 4 0
0  457 0.00000 2 0
0  457 0.33334 3 0
0  457 0.66666 1 0
0  458 0.00000 2 0
0  458 0.33334 1 0
0  458 0.66666 5 0
0  459 0.00000 3 0
0  459 0.33334 4 0
0  459 0.66666 2 0
0  460 0.00000 3 0
0  460 0.33334 1 0
0  460 0.66666 2 0
0  461 0.00000 1 0
0  461 0.33334 5 0
0  461 0.66666 3 0
0  462 0.00000 4 0
0  462 0.33334 2 0
0  462 0.66666 3 0
0  463 0.00000 1 0
0  463 0.33334 2 0
0  463 0.66666 1 0
0  464 0.00000 5 0
0  464 0.33334 3 0
0  464 0.66666 4 0
0  465 0.00000 2 0
0  465 0.33334 3 0
0  465 0.66666 1 0
0  466 0.00000 2 0
0  466 0.33334 1 0
0  466 0.66666 5 0
0  467 0.00000 3 0
0  467 0.33334 4 0
0  467 0.66666 2 0
0  468 0.00000 3 0
0  468 0.33334 1 0
0  468 0.66666 3 0
0  469 0.00000 1 0
0  469 0.33334 3 0
0  469 0.66666 1 0
0  470 0.00000 4 0
0  470 0.33334 2 0
0  470 0.66666 4 0
0  471 0.00000 2 0
0  471 0.33334 4 0
0  471 0.66666 2 0
0  472 0.00000 5 0
0  472 0.33334 3 0
0  472 0.66666 5 0
0  473 0.00000 3 0
0  473 0.33334 5 0
0  473 0.66666 3 0
0  474 0.00000 4 0
0  474 0.33334 2 0
0  474 0.66666 4 0
0  475 0.00000 2 0
0  475 0.33334 4 0
0  475 0.66666 2 0
0  476 0.00000 4 0
0  476 0.33334 2 0
0  476 0.66666 4 0
0  477 0.00000 2 0
0  477 0.33334 4 0
0  477 0.66666 2 0
0  478 0.00000 5 0
0  478 0.33334 1 0
0  478 0.66666 5 0
0  479 0.00000 1 0
0  479 0.33334 5 0
0  479 0.66666 1 0
0  480 0.00000 4 0
0  480 0.33334 2 0
0  480 0.66666 4 0
0  481 0.00000 2 0
0  481 0.33334 4 0
0  481 0.66666 2 0
0  482 0.00000 3 0
0  482 0.33334 3 0
0  482 0.66666 3 0
0  483 0.00000 3 0
0  483 0.33334 3 0
0  483 0.66666 3 0
1  484 0.00000 3 4
1  486 0.00000 1 8
1  488 0.00000 5 4
0  491 0.00000 4 0
0  491 0.00000 2 0
1  492 0.00000 4 4
0  493 0.00000 3 0
0  494 0.00000 3 0
0  494 0.50000 1 0
0  495 0.00000 2 0
0  495 0.50000 3 0
1  496 0.00000 3 6
0  497 0.00000 2 0
1  497 0.50000 2 3
0  500 0.00000 4 0
0  500 0.50000 4 0
0  501 0.00000 1 0
0  501 0.50000 1 0
0  502 0.00000 3 0
0  502 0.50000 3 0
0  503 0.00000 2 0
0  503 0.50000 2 0
0  504 0.00000 5 0
0  504 0.50000 5 0
0  505 0.00000 4 0
0  505 0.50000 4 0
0  506 0.00000 3 0
0  506 0.50000 3 0
0  507 0.00000 2 0
0  507 0.50000 2 0
1  508 0.00000 5 4
0  509 0.00000 4 0
0  510 0.00000 4 0
0  510 0.50000 1 0
0  511 0.00000 2 0
0  511 0.50000 3 0
0  512 0.00000 3 0
1  513 0.00000 2 1
1  513 0.50000 4 1
0  515 0.00000 1 0
0  515 0.50000 2 0
0  516 0.00000 5 0
0  516 0.50000 5 0
0  517 0.00000 1 0
0  517 0.50000 1 0
0  518 0.00000 3 0
0  518 0.50000 3 0
0  519 0.00000 2 0
0  519 0.50000 2 0
0  520 0.00000 4 0
0  520 0.50000 4 0
0  521 0.00000 3 0
0  521 0.50000 3 0
0  522 0.00000 5 0
0  522 0.50000 5 0
0  523 0.00000 1 0
0  523 0.50000 1 0
0  524 0.00000 4 0
0  524 0.50000 4 0
0  525 0.00000 4 0
0  525 0.50000 4 0
0  526 0.00000 2 0
0  526 0.50000 2 0
0  527 0.00000 2 0
0  527 0.50000 2 0
0  528 0.00000 5 0
0  528 0.50000 5 0
0  529 0.00000 5 0
0  529 0.50000 5 0
0  530 0.00000 1 0
0  530 0.50000 1 0
0  531 0.00000 1 0
0  531 0.50000 1 0
0  532 0.00000 4 0
0  532 0.50000 4 0
0  533 0.00000 4 0
0  533 0.50000 4 0
0  534 0.00000 2 0
0  534 0.50000 2 0
0  535 0.00000 2 0
0  535 0.50000 2 0
0  536 0.00000 3 0
0  536 0.50000 3 0
0  537 0.00000 3 0
0  537 0.50000 3 0
0  538 0.00000 3 0
0  538 0.50000 3 0
0  539 0.00000 3 0
0  539 0.50000 3 0
0  540 0.00000 5 0
0  540 0.00000 4 0
0  540 0.50000 4 0
0  540 0.50000 5 0
0  541 0.00000 5 0
0  541 0.00000 4 0
0  541 0.50000 4 0
0  541 0.50000 5 0
0  542 0.00000 2 0
0  542 0.00000 1 0
0  542 0.50000 1 0
0  542 0.50000 2 0
0  543 0.00000 2 0
0  543 0.00000 1 0
0  543 0.50000 1 0
0  543 0.50000 2 0
0  544 0.00000 4 0
0  544 0.00000 3 0
0  544 0.50000 3 0
0  544 0.50000 4 0
0  545 0.00000 4 0
0  545 0.00000 3 0
0  545 0.50000 3 0
0  545 0.50000 4 0
0  546 0.00000 3 0
0  546 0.00000 2 0
0  546 0.50000 2 0
0  546 0.50000 3 0
0  547 0.00000 3 0
0  547 0.00000 2 0
0  547 0.50000 2 0
0  547 0.50000 3 0
0  548 0.00000 5 0
0  548 0.00000 4 0
0  548 0.50000 5 0
0  548 0.50000 4 0
0  549 0.00000 4 0
0  549 0.00000 3 0
0  549 0.50000 4 0
0  549 0.50000 3 0
0  550 0.00000 3 0
0  550 0.00000 2 0
0  550 0.50000 2 0
0  550 0.50000 3 0
0  551 0.00000 2 0
0  551 0.00000 1 0
0  551 0.50000 1 0
0  551 0.50000 2 0
0  552 0.00000 4 0
0  552 0.25000 3 0
0  552 0.50000 4 0
0  552 0.75000 2 0
0  553 0.00000 5 0
0  553 0.25000 1 0
0  553 0.50000 5 0
0  553 0.75000 2 0
0  554 0.00000 4 0
0  554 0.25000 3 0
0  554 0.50000 4 0
0  554 0.75000 2 0
0  555 0.00000 5 0
0  555 0.25000 1 0
0  555 0.50000 4 0
0  555 0.75000 2 0
1  556 0.00000 3 1
0  557 0.00000 1 0
0  557 0.00000 3 0
0  557 0.50000 2 0
0  558 0.00000 5 0
0  558 0.00000 3 0
0  558 0.50000 4 0
0  559 0.00000 1 0
0  559 0.00000 3 0
0  559 0.50000 2 0
1  560 0.00000 3 1
0  560 0.00000 5 0
0  561 0.00000 3 0
0  561 0.00000 1 0
0  561 0.50000 2 0
0  562 0.00000 5 0
0  562 0.00000 3 0
0  562 0.50000 4 0
0  563 0.00000 3 0
0  563 0.00000 1 0
0  563 0.50000 2 0
1  564 0.00000 3 1
0  564 0.00000 5 0
0  565 0.00000 3 0
0  565 0.00000 1 0
0  565 0.50000 4 0
0  566 0.00000 5 0
0  566 0.00000 3 0
0  566 0.50000 2 0
0  567 0.00000 3 0
0  567 0.00000 1 0
0  567 0.50000 4 0
0  568 0.00000 5 0
1  568 0.00000 3 1
0  569 0.00000 3 0
0  569 0.00000 1 0
0  569 0.50000 4 0
0  570 0.00000 5 0
0  570 0.00000 3 0
0  570 0.50000 2 0
0  571 0.00000 3 0
0  571 0.00000 1 0
0  571 0.50000 2 0
1  572 0.00000 3 24
0  572 0.00000 1 0
0  573 0.00000 3 0
0  574 0.00000 5 0
0  575 0.00000 4 0
0  577 0.00000 5 0
0  578 0.00000 3 0
0  579 0.00000 1 0
0  580 0.00000 2 0
0  581 0.00000 5 0
0  582 0.00000 3 0
0  583 0.00000 1 0
0  584 0.00000 1 0
0  584 0.50000 2 0
0  585 0.00000 3 0
0  585 0.50000 4 0
0  586 0.00000 3 0
0  586 0.50000 3 0
0  587 0.00000 4 0
0  587 0.00000 2 0
0  588 0.00000 3 0
0  588 0.00000 5 0
0  588 0.50000 4 0
0  589 0.00000 3 0
0  589 0.00000 5 0
0  589 0.50000 4 0
0  590 0.00000 3 0
0  590 0.00000 5 0
0  590 0.50000 4 0
0  591 0.00000 3 0
0  591 0.00000 5 0
0  591 0.50000 4 0
0  592 0.00000 4 0
0  592 0.00000 2 0
0  592 0.50000 3 0
0  593 0.00000 2 0
0  593 0.00000 4 0
0  593 0.50000 3 0
0  594 0.00000 2 0
0  594 0.00000 4 0
0  594 0.50000 3 0
0  595 0.00000 2 0
0  595 0.00000 4 0
0  595 0.50000 3 0
0  596 0.00000 3 0
0  596 0.00000 1 0
0  596 0.50000 2 0
0  597 0.00000 3 0
0  597 0.00000 1 0
0  597 0.50000 2 0
0  598 0.00000 3 0
0  598 0.00000 1 0
0  598 0.50000 2 0
0  599 0.00000 1 0
0  599 0.00000 3 0
0  599 0.50000 2 0
0  600 0.00000 2 0
0  600 0.00000 4 0
0  600 0.50000 3 0
0  601 0.00000 2 0
0  601 0.00000 4 0
0  601 0.50000 3 0
0  602 0.00000 2 0
0  602 0.00000 4 0
0  602 0.50000 3 0
0  603 0.00000 2 0
0  603 0.00000 4 0
0  603 0.50000 3 0
0  604 0.00000 1 0
0  604 0.00000 5 0
0  604 0.50000 3 0
0  605 0.00000 1 0
0  605 0.00000 5 0
0  605 0.50000 3 0
0  606 0.00000 1 0
0  606 0.00000 5 0
0  606 0.50000 3 0
0  607 0.00000 1 0
0  607 0.00000 5 0
0  607 0.50000 3 0
0  608 0.00000 1 0
0  608 0.00000 5 0
0  608 0.50000 3 0
0  609 0.00000 1 0
0  609 0.00000 5 0
0  609 0.50000 3 0
0  610 0.00000 1 0
0  610 0.00000 5 0
0  610 0.50000 3 0
0  611 0.00000 1 0
0  611 0.00000 5 0
0  611 0.50000 3 0
1  612 0.00000 2 6
1  612 0.00000 4 6
0  616 0.00000 2 0
0  616 0.00000 3 0
0  616 0.66666 1 0
0  617 0.00000 3 0
0  617 0.00000 4 0
0  618 0.00000 5 0
0  618 0.00000 1 0
0  618 0.25000 4 0
0  618 0.50000 3 0
0  618 0.75000 2 0
0  619 0.00000 1 0
0  619 0.00000 5 0
0  619 0.33334 4 0
0  619 0.50000 3 0
0  619 0.66666 2 0
0  620 0.00000 1 0
1  620 0.00000 5 1
0  621 0.00000 5 0
0  621 0.00000 3 0
0  621 0.50000 4 0
0  622 0.00000 5 0
0  622 0.00000 3 0
0  622 0.50000 4 0
0  623 0.00000 5 0
0  623 0.00000 3 0
0  623 0.50000 4 0
0  624 0.00000 3 0
0  624 0.00000 1 0
0  624 0.50000 2 0
0  625 0.00000 1 0
0  625 0.00000 3 0
0  625 0.50000 2 0
0  626 0.00000 1 0
0  626 0.00000 3 0
0  626 0.50000 2 0
0  627 0.00000 1 0
0  627 0.00000 3 0
0  627 0.50000 2 0
0  628 0.00000 1 0
0  628 0.00000 3 0
0  628 0.50000 4 0
0  629 0.00000 5 0
0  629 0.00000 3 0
0  629 0.50000 4 0
0  630 0.00000 3 0
0  630 0.00000 5 0
0  630 0.50000 4 0
0  631 0.00000 5 0
0  631 0.00000 3 0
0  631 0.50000 4 0
0  632 0.00000 1 0
0  632 0.00000 5 0
0  633 0.00000 2 0
0  633 0.00000 4 0
1  633 0.50000 2 1
1  633 0.50000 4 1
0  634 0.50000 1 0
0  635 0.00000 2 0
0  635 0.50000 3 0
0  636 0.00000 4 0
0  636 0.00000 2 0
0  636 0.50000 3 0
0  637 0.00000 2 0
0  637 0.00000 4 0
0  637 0.50000 3 0
0  638 0.00000 2 0
0  638 0.00000 4 0
0  638 0.50000 3 0
0  639 0.00000 2 0
0  639 0.00000 4 0
0  639 0.50000 3 0
0  640 0.00000 2 0
0  640 0.00000 4 0
0  640 0.50000 3 0
0  641 0.00000 2 0
0  641 0.00000 4 0
0  641 0.50000 3 0
0  642 0.00000 2 0
0  642 0.00000 4 0
0  642 0.50000 3 0
0  643 0.00000 2 0
0  643 0.00000 4 0
0  643 0.50000 3 0
0  644 0.00000 1 0
0  644 0.00000 5 0
0  644 0.50000 1 0
0  644 0.50000 5 0
0  645 0.50000 1 0
0  645 0.50000 5 0
0  646 0.00000 1 0
0  646 0.00000 5 0
0  647 0.00000 1 0
0  647 0.00000 5 0
0  647 0.50000 1 0
0  647 0.50000 5 0
0  648 0.00000 1 0
0  648 0.00000 5 0
0  648 0.25000 4 0
0  648 0.50000 3 0
0  648 0.75000 2 0
0  649 0.00000 1 0
0  649 0.00000 5 0
0  649 0.25000 4 0
0  649 0.50000 3 0
0  649 0.75000 2 0
0  650 0.00000 1 0
0  650 0.00000 5 0
0  650 0.25000 4 0
0  650 0.50000 3 0
0  650 0.75000 2 0
0  651 0.00000 1 0
0  651 0.00000 5 0
0  651 0.25000 4 0
0  651 0.50000 3 0
0  651 0.75000 2 0
0  652 0.00000 1 0
1  652 0.00000 5 1
0  652 0.33334 2 0
0  652 0.66666 4 0
0  653 0.00000 2 0
0  653 0.33334 3 0
0  653 0.66666 4 0
0  654 0.00000 5 0
0  654 0.33334 3 0
0  654 0.66666 5 0
0  655 0.00000 3 0
0  655 0.33334 4 0
0  655 0.66666 5 0
0  656 0.00000 5 0
0  656 0.33334 1 0
0  656 0.66666 2 0
0  657 0.00000 1 0
0  657 0.33334 2 0
0  657 0.66666 1 0
0  658 0.00000 3 0
0  658 0.33334 2 0
0  658 0.66666 3 0
0  659 0.00000 2 0
0  659 0.33334 3 0
0  659 0.66666 2 0
0  660 0.00000 4 0
0  660 0.33334 3 0
0  660 0.66666 4 0
0  661 0.00000 3 0
0  661 0.33334 4 0
0  661 0.66666 3 0
0  662 0.00000 5 0
0  662 0.33334 4 0
0  662 0.66666 5 0
0  663 0.00000 4 0
0  663 0.33334 5 0
0  663 0.66666 3 0
0  664 0.00000 4 0
0  664 0.33334 3 0
0  664 0.66666 4 0
0  665 0.00000 3 0
0  665 0.33334 4 0
0  665 0.66666 2 0
0  666 0.00000 3 0
0  666 0.33334 2 0
0  666 0.66666 3 0
0  667 0.00000 2 0
0  667 0.33334 3 0
0  667 0.66666 1 0
0  668 0.00000 2 0
0  668 0.33334 1 0
0  668 0.66666 2 0
0  669 0.00000 1 0
0  669 0.33334 3 0
0  669 0.66666 2 0
0  670 0.00000 3 0
0  670 0.33334 2 0
0  670 0.66666 3 0
0  671 0.00000 2 0
0  671 0.33334 4 0
0  671 0.66666 2 0
0  672 0.00000 4 0
0  672 0.33334 2 0
0  672 0.66666 4 0
0  673 0.00000 5 0
0  673 0.50000 5 0
0  673 0.50000 4 0
0  674 0.00000 4 0
0  674 0.00000 3 0
0  674 0.50000 4 0
0  674 0.50000 3 0
0  675 0.00000 3 0
0  675 0.00000 2 0
0  675 0.50000 3 0
0  675 0.50000 2 0
0  676 0.00000 1 0
0  676 0.00000 5 0
0  676 0.50000 1 0
0  676 0.50000 5 0
0  677 0.50000 1 0
0  677 0.50000 5 0
0  678 0.00000 1 0
0  678 0.00000 5 0
0  679 0.00000 1 0
0  679 0.00000 5 0
0  679 0.50000 1 0
0  679 0.50000 5 0
0  680 0.50000 1 0
0  680 0.50000 5 0
0  681 0.00000 1 0
0  681 0.00000 5 0
0  683 0.00000 5 0
0  683 0.33334 5 0
0  683 0.66666 5 0
1  684 0.00000 1 46
0  696 0.00000 4 0
0  697 0.00000 4 0
0  698 0.00000 4 0
0  699 0.00000 4 0
0  700 0.00000 4 0
0  701 0.00000 4 0
0  702 0.00000 4 0
0  703 0.00000 4 0
0  704 0.00000 4 0
0  705 0.00000 4 0
0  706 0.00000 4 0
0  707 0.00000 4 0
