0    0 0.00000 1 0
0    0 0.00000 5 0
0    1 0.00000 3 0
0    2 0.00000 4 0
0    2 0.66666 2 0
0    3 0.00000 3 0
0    4 0.00000 1 0
0    4 0.00000 5 0
0    5 0.00000 3 0
0    6 0.00000 3 0
0    6 0.66666 2 0
0    7 0.00000 3 0
0    7 0.33334 2 0
0    7 0.66666 3 0
0    8 0.00000 1 0
0    8 0.00000 5 0
0    9 0.00000 3 0
0   10 0.00000 3 0
0   10 0.66666 2 0
0   11 0.00000 3 0
0   12 0.00000 1 0
0   12 0.00000 5 0
0   13 0.00000 3 0
0   14 0.00000 3 0
0   14 0.66666 2 0
0   15 0.00000 3 0
0   15 0.33334 2 0
0   15 0.66666 3 0
0   16 0.00000 1 0
0   16 0.00000 5 0
0   17 0.00000 4 0
0   17 0.00000 3 0
0   18 0.00000 2 0
0   18 0.00000 4 0
0   18 0.66666 3 0
0   19 0.00000 4 0
0   20 0.00000 1 0
0   20 0.00000 5 0
0   21 0.00000 3 0
0   22 0.00000 1 0
0   22 0.00000 5 0
0   23 0.00000 3 0
0   24 0.00000 1 0
0   24 0.00000 5 0
0   25 0.00000 3 0
0   25 0.66666 2 0
0   26 0.00000 4 0
0   27 0.00000 3 0
1   28 0.00000 5 2
0   28 0.00000 3 0
0   29 0.00000 2 0
1   30 0.00000 1 2
0   30 0.00000 4 0
0   31 0.00000 3 0
0   32 0.00000 2 0
0   32 0.00000 4 0
0   33 0.00000 2 0
0   33 0.00000 4 0
0   34 0.00000 4 0
0   34 0.00000 2 0
0   35 0.00000 2 0
0   35 0.00000 4 0
0   36 0.00000 1 0
0   36 0.00000 2 0
0   36 0.66666 4 0
0   37 0.00000 3 0
0   38 0.00000 1 0
0   38 0.00000 2 0
0   38 0.66666 4 0
0   39 0.00000 3 0
0   40 0.00000 2 0
0   40 0.00000 4 0
0   41 0.00000 4 0
0   42 0.00000 4 0
0   43 0.00000 4 0
0   44 0.00000 4 0
0   45 0.00000 4 0
0   46 0.00000 4 0
0   47 0.00000 4 0
0   47 0.00000 1 0
0   48 0.00000 1 0
0   48 0.00000 3 0
0   49 0.00000 3 0
0   50 0.00000 3 0
0   51 0.00000 3 0
0   52 0.00000 3 0
0   52 0.00000 1 0
0   53 0.00000 1 0
0   53 0.00000 3 0
0   54 0.00000 3 0
0   55 0.00000 3 0
0   55 0.00000 2 0
0   56 0.00000 3 0
0   56 0.00000 5 0
0   57 0.00000 3 0
0   58 0.00000 3 0
0   59 0.00000 3 0
0   60 0.00000 3 0
1   60 0.00000 5 4
0   61 0.00000 3 0
0   62 0.00000 3 0
0   63 0.00000 3 0
0   64 0.00000 2 0
0   64 0.00000 5 0
0   65 0.00000 2 0
0   66 0.00000 2 0
0   66 0.00000 5 0
0   67 0.00000 2 0
0   67 0.00000 5 0
0   68 0.00000 2 0
1   68 0.00000 5 4
0   69 0.00000 2 0
0   70 0.00000 2 0
0   71 0.00000 2 0
0   72 0.00000 3 0
0   72 0.00000 1 0
0   73 0.00000 3 0
0   74 0.00000 3 0
0   74 0.00000 1 0
0   74 0.66666 2 0
0   75 0.00000 3 0
0   76 0.00000 3 0
0   76 0.00000 1 0
0   77 0.00000 3 0
0   77 0.66666 2 0
0   78 0.00000 3 0
0   79 0.00000 3 0
0   79 0.00000 1 0
0   80 0.00000 3 0
0   80 0.00000 5 0
0   81 0.00000 3 0
0   82 0.00000 3 0
0   82 0.00000 5 0
0   82 0.66666 4 0
0   83 0.00000 3 0
0   84 0.00000 2 0
1   84 0.00000 5 4
0   85 0.00000 2 0
0   86 0.00000 2 0
0   86 0.66666 3 0
0   87 0.00000 2 0
0   88 0.00000 4 0
1   88 0.00000 2 2
0   89 0.00000 3 0
1   90 0.00000 4 2
0   90 0.00000 2 0
0   91 0.00000 3 0
1   92 0.00000 1 2
0   92 0.00000 4 0
0   93 0.00000 3 0
0   94 0.00000 2 0
1   94 0.00000 5 2
0   95 0.00000 3 0
0   96 0.00000 2 0
0   96 0.00000 4 0
0   97 0.00000 2 0
0   97 0.00000 4 0
0   98 0.00000 4 0
0   98 0.00000 2 0
0   99 0.00000 2 0
0   99 0.00000 4 0
0  100 0.00000 3 0
0  100 0.00000 5 0
0  100 0.66666 4 0
0  101 0.33334 3 0
0  102 0.00000 1 0
0  102 0.00000 4 0
0  102 0.66666 3 0
0  103 0.33334 2 0
1  104 0.00000 3 2
0  104 0.00000 4 0
0  105 0.00000 5 0
1  106 0.00000 3 2
0  106 0.00000 2 0
0  107 0.00000 1 0
0  108 0.00000 1 0
0  108 0.00000 5 0
0  108 0.66666 2 0
0  109 0.00000 3 0
0  109 0.66666 2 0
0  110 0.00000 4 0
0  110 0.33334 2 0
0  110 0.66666 4 0
0  111 0.00000 2 0
0  111 0.66666 3 0
1  112 0.00000 4 2
0  113 0.00000 1 0
1  114 0.00000 2 2
0  114 0.00000 3 0
0  115 0.00000 5 0
0  116 0.00000 1 0
0  116 0.00000 5 0
0  116 0.66666 4 0
0  117 0.00000 2 0
0  117 0.33334 4 0
0  117 0.66666 2 0
0  118 0.00000 4 0
0  118 0.66666 3 0
0  119 0.00000 2 0
1  120 0.00000 4 2
0  120 0.00000 5 0
0  121 0.00000 5 0
1  122 0.00000 2 2
0  122 0.00000 1 0
0  123 0.00000 1 0
1  124 0.00000 2 4
0  124 0.00000 5 0
0  126 0.00000 4 0
0  127 0.00000 2 0
0  127 0.00000 4 0
1  128 0.00000 1 4
0  128 0.00000 5 0
0  129 0.00000 4 0
0  130 0.00000 5 0
0  130 0.66666 4 0
0  131 0.00000 2 0
0  131 0.33334 4 0
0  131 0.66666 2 0
1  132 0.00000 3 4
0  133 0.00000 1 0
0  134 0.00000 1 0
0  135 0.00000 5 0
0  135 0.66666 3 0
1  136 0.00000 4 2
0  137 0.00000 1 0
1  138 0.00000 2 2
0  138 0.00000 5 0
0  139 0.00000 4 0
1  140 0.00000 4 4
0  140 0.00000 2 0
0  142 0.00000 2 0
0  143 0.00000 1 0
0  143 0.00000 4 0
0  144 0.00000 4 0
1  144 0.00000 2 2
0  145 0.00000 5 0
1  146 0.00000 4 2
0  146 0.00000 2 0
0  147 0.00000 1 0
0  147 0.66666 5 0
1  148 0.00000 3 4
0  149 0.00000 4 0
1  150 0.00000 5 4
0  151 0.00000 2 0
0  152 0.00000 1 0
0  153 0.00000 5 0
0  153 0.33334 2 0
0  153 0.66666 3 0
0  154 0.66666 4 0
0  155 0.66666 2 0
0  155 0.66666 4 0
0  156 0.66666 1 0
0  157 0.00000 4 0
0  157 0.33334 2 0
0  157 0.66666 5 0
0  158 0.00000 3 0
0  158 0.66666 5 0
0  159 0.00000 2 0
0  160 0.00000 4 0
0  160 0.00000 3 0
0  161 0.66666 3 0
0  161 0.66666 2 0
0  163 0.00000 1 0
0  163 0.00000 5 0
0  164 0.00000 1 0
1  164 0.00000 5 4
0  165 0.00000 2 0
1  166 0.00000 1 4
0  167 0.00000 4 0
0  168 0.00000 5 0
1  169 0.00000 2 8
0  169 0.00000 4 0
0  173 0.66666 3 0
0  174 0.66666 2 0
0  175 0.00000 3 0
0  176 0.00000 1 0
0  176 0.00000 5 0
0  177 0.00000 2 0
1  177 0.00000 4 10
0  179 0.00000 2 0
1  180 0.00000 3 4
0  183 0.00000 4 0
0  184 0.00000 5 0
1  184 0.00000 1 8
0  185 0.00000 3 0
1  186 0.00000 5 2
1  188 0.00000 4 4
1  189 0.00000 2 4
1  191 0.00000 4 2
1  192 0.00000 3 12
0  193 0.66666 4 0
0  194 0.66666 5 0
0  195 0.33334 4 0
1  196 0.00000 5 4
0  200 0.00000 1 0
0  200 0.00000 5 0
0  201 0.00000 4 0
0  201 0.33334 2 0
0  201 0.66666 4 0
1  202 0.00000 2 4
0  203 0.00000 4 0
0  204 0.00000 5 0
0  205 0.00000 4 0
0  205 0.33334 2 0
0  205 0.66666 4 0
1  206 0.00000 2 4
0  207 0.00000 4 0
0  208 0.00000 5 0
0  209 0.00000 4 0
0  209 0.33334 2 0
0  209 0.66666 4 0
1  210 0.00000 2 4
0  211 0.00000 4 0
0  212 0.00000 5 0
0  213 0.00000 4 0
0  213 0.33334 2 0
0  213 0.66666 4 0
1  214 0.00000 2 7
0  215 0.00000 4 0
1  216 0.00000 5 3
1  219 0.00000 1 2
1  219 0.00000 5 2
0  221 0.00000 1 0
0  221 0.00000 5 0
0  222 0.00000 5 0
0  222 0.00000 1 0
0  224 0.00000 5 0
1  224 0.00000 1 4
0  225 0.00000 3 0
1  226 0.00000 5 4
0  227 0.00000 3 0
1  228 0.00000 1 4
0  229 0.00000 3 0
1  230 0.00000 5 4
0  231 0.00000 3 0
0  232 0.00000 1 0
0  233 0.00000 2 0
0  233 0.00000 4 0
0  233 0.66666 1 0
1  234 0.00000 4 2
0  235 0.00000 2 0
0  235 0.66666 5 0
1  236 0.00000 2 2
0  237 0.00000 4 0
0  237 0.66666 1 0
1  238 0.00000 4 2
0  239 0.00000 2 0
0  239 0.66666 5 0
1  240 0.00000 1 7
0  241 0.00000 4 0
0  242 0.00000 4 0
0  242 0.66666 5 0
0  243 0.50000 5 0
0  244 0.33334 2 0
0  244 0.66666 4 0
0  245 0.00000 2 0
0  245 0.33334 4 0
0  245 0.66666 2 0
0  246 0.00000 4 0
0  246 0.33334 2 0
0  246 0.66666 4 0
0  247 0.00000 2 0
0  247 0.33334 4 0
0  247 0.66666 2 0
1  248 0.00000 4 2
0  249 0.00000 2 0
0  249 0.66666 5 0
1  250 0.00000 2 2
0  251 0.00000 4 0
0  251 0.66666 1 0
0  252 0.00000 5 0
0  252 0.66666 5 0
0  253 0.00000 1 0
0  253 0.66666 1 0
0  254 0.00000 5 0
0  254 0.66666 5 0
0  255 0.00000 1 0
0  256 0.00000 1 0
1  256 0.00000 5 4
0  257 0.00000 3 0
1  258 0.00000 1 4
0  259 0.00000 3 0
1  260 0.00000 5 4
0  261 0.00000 3 0
1  262 0.00000 1 4
0  263 0.00000 3 0
0  264 0.00000 5 0
0  265 0.00000 2 0
0  265 0.00000 4 0
0  265 0.66666 5 0
1  266 0.00000 2 2
0  267 0.00000 4 0
0  267 0.66666 1 0
1  268 0.00000 4 2
0  269 0.00000 2 0
0  269 0.66666 5 0
1  270 0.00000 2 2
1  271 0.00000 4 2
1  272 0.00000 3 3
0  273 0.50000 3 0
0  274 0.66666 2 0
1  275 0.00000 3 2
1  276 0.00000 1 3
0  277 0.50000 5 0
0  278 0.66666 2 0
1  279 0.00000 4 2
0  280 0.00000 1 0
0  281 0.00000 3 0
0  282 0.00000 2 0
0  282 0.00000 4 0
0  283 0.00000 2 0
0  283 0.00000 4 0
0  284 0.00000 1 0
0  284 0.00000 5 0
0  285 0.00000 2 0
0  285 0.33334 4 0
0  285 0.66666 2 0
0  286 0.00000 4 0
0  287 0.00000 2 0
0  287 0.33334 4 0
0  287 0.66666 2 0
1  288 0.00000 4 8
1  292 0.00000 3 12
0  293 0.00000 4 0
0  294 0.00000 3 0
0  295 0.00000 4 0
0  296 0.00000 5 0
1  298 0.00000 4 4
1  300 0.00000 3 4
1  302 0.00000 4 4
1  304 0.00000 3 16
0  307 0.00000 5 0
0  309 0.00000 5 0
0  310 0.00000 4 0
0  311 0.00000 5 0
1  312 0.00000 5 4
1  314 0.00000 2 4
1  316 0.00000 4 4
1  318 0.00000 1 4
1  320 0.00000 3 8
1  324 0.00000 2 8
0  325 0.00000 5 0
0  326 0.00000 4 0
0  327 0.00000 5 0
1  328 0.00000 4 4
1  330 0.00000 3 4
1  332 0.00000 4 4
1  334 0.00000 1 4
1  336 0.00000 4 12
1  339 0.00000 2 6
0  344 0.00000 2 0
1  344 0.00000 4 4
0  346 0.00000 3 0
1  347 0.00000 1 6
1  347 0.00000 5 4
0  350 0.00000 4 0
1  352 0.00000 5 3
0  352 0.00000 4 0
0  353 0.50000 3 0
0  354 0.66666 4 0
0  355 0.00000 2 0
1  356 0.00000 4 3
0  356 0.00000 3 0
0  357 0.50000 2 0
0  358 0.66666 4 0
0  359 0.00000 2 0
1  360 0.00000 3 3
0  360 0.00000 2 0
0  361 0.50000 1 0
0  362 0.66666 4 0
0  363 0.00000 2 0
1  364 0.00000 2 3
0  364 0.00000 1 0
0  365 0.50000 1 0
0  366 0.66666 4 0
0  367 0.00000 2 0
1  368 0.00000 1 3
0  368 0.00000 2 0
0  369 0.50000 3 0
0  370 0.66666 2 0
0  371 0.00000 4 0
1  372 0.00000 2 3
0  372 0.00000 3 0
0  373 0.50000 4 0
0  374 0.66666 2 0
0  375 0.00000 4 0
1  376 0.00000 3 3
0  376 0.00000 4 0
0  377 0.50000 5 0
0  378 0.66666 2 0
0  379 0.00000 4 0
1  380 0.00000 4 3
0  380 0.00000 5 0
0  381 0.50000 5 0
0  382 0.66666 2 0
0  383 0.00000 4 0
1  384 0.00000 1 4
1  386 0.00000 2 4
1  388 0.00000 3 4
0  390 0.00000 4 0
0  390 0.66666 2 0
0  391 0.00000 3 0
0  392 0.00000 2 0
0  392 0.00000 5 0
0  393 0.66666 4 0
0  393 0.66666 1 0
0  395 0.00000 5 0
0  395 0.00000 2 0
0  396 0.00000 3 0
0  397 0.00000 2 0
0  397 0.00000 4 0
1  398 0.00000 1 4
1  398 0.00000 5 4
0  403 0.66666 3 0
0  404 0.00000 4 0
0  404 0.66666 3 0
0  405 0.33334 2 0
0  406 0.00000 4 0
0  406 0.66666 3 0
0  407 0.33334 2 0
1  408 0.00000 4 4
1  410 0.00000 3 4
1  412 0.00000 2 4
1  414 0.00000 3 4
1  416 0.00000 4 4
1  418 0.00000 3 4
1  420 0.00000 2 4
1  422 0.00000 4 4
0  424 0.00000 2 0
0  425 0.00000 1 0
0  425 0.66666 1 0
0  426 0.00000 3 0
0  427 0.00000 5 0
0  427 0.66666 5 0
0  428 0.00000 3 0
0  429 0.00000 1 0
0  429 0.66666 1 0
0  430 0.00000 3 0
0  431 0.00000 4 0
0  431 0.66666 4 0
0  432 0.00000 3 0
0  432 0.66666 1 0
0  432 0.66666 3 0
0  433 0.33334 2 0
0  433 0.33334 4 0
0  434 0.00000 3 0
0  434 0.00000 5 0
0  434 0.66666 1 0
0  434 0.66666 3 0
0  435 0.33334 2 0
0  435 0.33334 4 0
1  436 0.00000 3 2
1  436 0.00000 5 2
0  438 0.00000 2 0
0  438 0.00000 4 0
0  438 0.66666 1 0
0  438 0.66666 5 0
1  440 0.00000 2 4
0  440 0.00000 4 0
0  441 0.00000 3 0
1  442 0.00000 4 4
0  443 0.00000 3 0
1  444 0.00000 3 4
0  445 0.00000 4 0
1  446 0.00000 4 4
0  447 0.00000 3 0
0  448 0.00000 3 0
0  449 0.00000 3 0
0  449 0.66666 2 0
1  450 0.00000 4 2
0  451 0.00000 2 0
0  451 0.66666 4 0
1  452 0.00000 2 2
0  453 0.00000 4 0
0  453 0.66666 2 0
1  454 0.00000 4 2
0  455 0.00000 2 0
1  456 0.00000 5 8
0  457 0.66666 2 0
0  459 0.00000 3 0
1  460 0.00000 1 8
0  461 0.66666 4 0
0  463 0.00000 3 0
0  464 0.00000 5 0
0  464 0.66666 1 0
0  465 0.00000 4 0
0  465 0.66666 5 0
0  466 0.00000 2 0
0  466 0.66666 1 0
0  467 0.00000 4 0
0  467 0.66666 5 0
0  468 0.00000 2 0
0  468 0.33334 4 0
0  468 0.66666 2 0
0  469 0.00000 4 0
0  469 0.33334 2 0
0  469 0.66666 4 0
1  470 0.00000 2 2
0  471 0.00000 4 0
1  472 0.00000 4 4
0  473 0.00000 3 0
1  474 0.00000 2 4
0  475 0.00000 3 0
1  476 0.00000 5 4
0  477 0.00000 3 0
1  478 0.00000 1 4
0  479 0.00000 3 0
0  480 0.00000 5 0
0  481 0.00000 3 0
0  481 0.66666 4 0
1  482 0.00000 2 2
0  483 0.00000 3 0
0  483 0.66666 2 0
1  484 0.00000 4 2
0  485 0.00000 3 0
0  485 0.66666 4 0
1  486 0.00000 2 2
0  487 0.00000 3 0
0  487 0.66666 2 0
1  488 0.00000 5 7
0  489 0.00000 1 0
0  490 0.00000 1 0
0  490 0.66666 2 0
0  491 0.50000 2 0
0  492 0.33334 4 0
0  492 0.66666 2 0
0  493 0.00000 4 0
0  493 0.33334 2 0
0  493 0.66666 4 0
0  494 0.00000 2 0
0  494 0.33334 4 0
0  494 0.66666 2 0
0  495 0.00000 4 0
0  495 0.33334 2 0
0  495 0.66666 4 0
1  496 0.00000 2 2
0  497 0.00000 3 0
0  497 0.66666 2 0
1  498 0.00000 4 2
0  499 0.00000 3 0
0  499 0.66666 5 0
0  500 0.00000 1 0
0  500 0.66666 1 0
0  501 0.00000 5 0
0  501 0.66666 5 0
0  502 0.00000 1 0
0  502 0.66666 1 0
0  503 0.00000 5 0
1  504 0.00000 2 4
0  504 0.00000 4 0
0  505 0.00000 3 0
1  506 0.00000 4 4
0  507 0.00000 3 0
1  508 0.00000 1 4
0  509 0.00000 3 0
1  510 0.00000 5 4
0  511 0.00000 3 0
0  512 0.00000 1 0
0  513 0.00000 3 0
0  513 0.66666 2 0
1  514 0.00000 4 2
0  515 0.00000 3 0
0  515 0.66666 4 0
1  516 0.00000 2 2
0  517 0.00000 3 0
0  517 0.66666 2 0
1  518 0.00000 4 2
0  519 0.00000 3 0
0  520 0.00000 1 0
0  520 0.00000 5 0
0  520 0.66666 2 0
0  521 0.00000 4 0
0  521 0.66666 4 0
0  522 0.00000 2 0
0  522 0.66666 2 0
0  523 0.00000 4 0
0  523 0.66666 5 0
1  524 0.00000 3 2
0  525 0.00000 5 0
0  526 0.00000 4 0
1  526 0.00000 2 2
0  527 0.00000 4 0
0  528 0.00000 1 0
0  528 0.00000 5 0
0  528 0.66666 2 0
0  529 0.00000 4 0
0  529 0.66666 4 0
0  530 0.00000 2 0
0  530 0.66666 2 0
0  531 0.00000 4 0
0  532 0.00000 1 0
0  532 0.00000 5 0
0  533 0.00000 2 0
0  533 0.33334 4 0
0  533 0.66666 2 0
0  534 0.00000 1 0
0  534 0.00000 5 0
0  535 0.00000 4 0
0  535 0.33334 2 0
0  535 0.66666 4 0
0  536 0.00000 1 0
0  536 0.00000 5 0
0  536 0.66666 1 0
0  537 0.00000 5 0
0  537 0.66666 5 0
0  538 0.00000 1 0
0  538 0.66666 1 0
0  539 0.00000 5 0
0  539 0.66666 5 0
0  540 0.00000 1 0
0  540 0.66666 1 0
0  541 0.00000 5 0
0  541 0.66666 5 0
0  542 0.00000 2 0
0  542 0.33334 4 0
0  542 0.66666 2 0
0  543 0.00000 4 0
0  544 0.00000 1 0
0  544 0.00000 2 0
0  544 0.66666 1 0
0  544 0.66666 2 0
0  545 0.66666 4 0
0  545 0.66666 5 0
0  546 0.00000 4 0
0  546 0.00000 5 0
0  547 0.00000 1 0
0  547 0.00000 2 0
0  547 0.66666 2 0
0  547 0.66666 1 0
0  549 0.00000 1 0
0  549 0.00000 5 0
0  550 0.00000 5 0
0  550 0.00000 1 0
1  552 0.00000 5 36
1  552 0.00000 1 36
